Using Theano backend.
hejie.py[269] [2018-04-26 01:01:27,905] [INFO] 
data_last:6.83
predict_last:8.53686
predict:8.39865
predict/predict_last:-0.01619
predict_new:6.71942199551
predict/data_last:0.229670735439
kelly:-0.0162426383898
